version https://git-lfs.github.com/spec/v1
oid sha256:01b2c49a8a9b0e865a62351b44a183be7d23114df0a4b24ece16569985e86e0f
size 229471784
